oki so first the forward pass: 
1. compute the link's velocity relative to its parent 
2. compute the impulse that needs to be applied to the link to satisfy the constraint
3. sum all of the impulses up the chain

override to fill medication
ask doctor to fill perscription for 90 days (kinney did not get the 90 day perscription, only the 28 day one)

------------------
0.477424 -0.366803 0.463072 -0.597735
-0.366803 0.000000 -0.611639 -0.457600
0.463072 -0.611639 0.000000 -0.001783
-0.597735 -0.457600 -0.001783 0.000000
------------------
11.386418 2.638274 32.768436 -39.882927
2.638274 0.611298 7.592566 -9.241017
32.768436 7.592564 94.302750 -114.777191
-39.882927 -9.241016 -114.777206 139.696945
------------------
1.000000 -0.768296 0.969938 -1.251999
0.000000 1.000000 0.907915 3.253346
0.000000 0.000000 1.000000 -6.504023
0.000000 0.000000 0.000000 1.000000
------------------
0.477424 0.000000 0.000000 0.000000
0.000000 -0.281814 0.000000 0.000000
0.000000 0.000000 -0.216849 0.000000
0.000000 0.000000 0.000000 11.407657
------------------

0.477424 -0.366803 0.463072 -0.597735
-0.366803 0.000000 -0.611639 -0.457600
0.463072 -0.611639 0.000000 -0.001783
-0.597735 -0.457600 -0.001783 0.000000
------------------
0.477424 -0.366803 0.463072 -0.597735
-0.366803 0.000000 -0.611639 -0.457600
0.463072 -0.611639 0.000000 -0.001783
-0.597735 -0.457600 -0.001783 0.000000
------------------
1.000000 -0.768296 0.969938 -1.251999
0.000000 1.000000 0.907915 3.253346
0.000000 0.000000 1.000000 -6.504023
0.000000 0.000000 0.000000 1.000000
------------------
0.477424 0.000000 0.000000 0.000000
0.000000 -0.281814 0.000000 0.000000
0.000000 0.000000 -0.216849 0.000000
0.000000 0.000000 0.000000 11.407657


1.000000 -0.000000 -0.000000 -1.105346 -0.000000 -0.000000 -0.000000 -0.000000 -0.000000 -0.000000 -0.000000
0.000000 1.000000 -0.000000 -0.000000 -0.000000 -0.000000 -0.000000 -0.000000 -0.000000 -0.000000 -0.000000
0.000000 0.000000 1.000000 -0.000000 -222.948125 -0.000000 -0.000000 -0.000000 -0.000000 -0.000000 -0.000000
0.000000 0.000000 0.000000 1.000000 0.000000 0.000000 -0.284006 0.000000 0.000000 0.000000 0.000000
0.000000 0.000000 0.000000 0.000000 1.000000 -0.010504 0.000000 0.000000 0.000000 0.000000 0.000000
0.000000 0.000000 0.000000 0.000000 0.000000 1.000000 0.000000 0.000000 0.000000 0.000000 2.350416
0.000000 0.000000 0.000000 0.000000 0.000000 0.000000 1.000000 -0.000000 -0.000000 -0.000000 -0.000000
0.000000 0.000000 0.000000 0.000000 0.000000 0.000000 0.000000 1.000000 0.000000 -28.821160 0.000000
0.000000 0.000000 0.000000 0.000000 0.000000 0.000000 0.000000 0.000000 1.000000 -1.436556 -0.000000
0.000000 0.000000 0.000000 0.000000 0.000000 0.000000 0.000000 0.000000 0.000000 1.000000 -0.000000
0.000000 0.000000 0.000000 0.000000 0.000000 0.000000 0.000000 0.000000 0.000000 0.000000 1.000000
------------------
-91.520020 0.000000 0.000000 0.000000 0.000000 0.000000 0.000000 0.000000 0.000000 0.000000 0.000000
0.000000 -119.546936 0.000000 0.000000 0.000000 0.000000 0.000000 0.000000 0.000000 0.000000 0.000000
0.000000 0.000000 -0.356579 0.000000 0.000000 0.000000 0.000000 0.000000 0.000000 0.000000 0.000000
0.000000 0.000000 0.000000 292.868955 0.000000 0.000000 0.000000 0.000000 0.000000 0.000000 0.000000
0.000000 0.000000 0.000000 0.000000 17616.626108 0.000000 0.000000 0.000000 0.000000 0.000000 0.000000
0.000000 0.000000 0.000000 0.000000 0.000000 20.041567 0.000000 0.000000 0.000000 0.000000 0.000000
0.000000 0.000000 0.000000 0.000000 0.000000 0.000000 -145.950517 0.000000 0.000000 0.000000 0.000000
0.000000 0.000000 0.000000 0.000000 0.000000 0.000000 0.000000 2.815580 0.000000 0.000000 0.000000
0.000000 0.000000 0.000000 0.000000 0.000000 0.000000 0.000000 0.000000 -109.797096 0.000000 0.000000
0.000000 0.000000 0.000000 0.000000 0.000000 0.000000 0.000000 0.000000 0.000000 -2093.288881 0.000000
0.000000 0.000000 0.000000 0.000000 0.000000 0.000000 0.000000 0.000000 0.000000 0.000000 -98.047302

1.000000 -0.000000 -0.000000 -1.105346 -0.000000 -0.000000 -0.000000 -0.000000 -0.000000 -0.000000 -0.000000
0.000000 1.000000 -0.000000 -0.000000 -0.000000 -0.000000 -0.000000 -0.000000 -0.000000 -0.000000 -0.000000
0.000000 0.000000 1.000000 -0.000000 -222.948125 -0.000000 -0.000000 -0.000000 -0.000000 -0.000000 -0.000000
0.000000 0.000000 0.000000 1.000000 0.000000 0.000000 -0.459410 0.000000 0.000000 0.000000 0.000000
0.000000 0.000000 0.000000 0.000000 1.000000 -0.010504 0.000000 0.000000 0.000000 0.000000 0.000000
0.000000 0.000000 0.000000 0.000000 0.000000 1.000000 0.000000 0.000000 0.000000 0.000000 2.142611
0.000000 0.000000 0.000000 0.000000 0.000000 0.000000 1.000000 -0.000000 -0.000000 -0.000000 -0.000000
0.000000 0.000000 0.000000 0.000000 0.000000 0.000000 0.000000 1.000000 0.000000 -28.821160 0.000000
0.000000 0.000000 0.000000 0.000000 0.000000 0.000000 0.000000 0.000000 1.000000 -1.436556 -0.000000
0.000000 0.000000 0.000000 0.000000 0.000000 0.000000 0.000000 0.000000 0.000000 1.000000 0.000000
0.000000 0.000000 0.000000 0.000000 0.000000 0.000000 0.000000 0.000000 0.000000 0.000000 1.000000
------------------
-91.520020 0.000000 0.000000 0.000000 0.000000 0.000000 0.000000 0.000000 0.000000 0.000000 0.000000
0.000000 -119.546936 0.000000 0.000000 0.000000 0.000000 0.000000 0.000000 0.000000 0.000000 0.000000
0.000000 0.000000 -0.356579 0.000000 0.000000 0.000000 0.000000 0.000000 0.000000 0.000000 0.000000
0.000000 0.000000 0.000000 181.050735 0.000000 0.000000 0.000000 0.000000 0.000000 0.000000 0.000000
0.000000 0.000000 0.000000 0.000000 17616.626108 0.000000 0.000000 0.000000 0.000000 0.000000 0.000000
0.000000 0.000000 0.000000 0.000000 0.000000 21.985340 0.000000 0.000000 0.000000 0.000000 0.000000
0.000000 0.000000 0.000000 0.000000 0.000000 0.000000 -122.327896 0.000000 0.000000 0.000000 0.000000
0.000000 0.000000 0.000000 0.000000 0.000000 0.000000 0.000000 2.815580 0.000000 0.000000 0.000000
0.000000 0.000000 0.000000 0.000000 0.000000 0.000000 0.000000 0.000000 -109.797096 0.000000 0.000000
0.000000 0.000000 0.000000 0.000000 0.000000 0.000000 0.000000 0.000000 0.000000 18.911409 0.000000
0.000000 0.000000 0.000000 0.000000 0.000000 0.000000 0.000000 0.000000 0.000000 0.000000 12.671471